0.200000
7.400000
11.600000
0.000000
11.600000
9.600000
0.000000
0.000000
0.000000
0.000000
0.000000
0.000000
0.000000
0.000000
0.000000
0.000000
0.000000
2.200000
2.200000
0.000000
0.000000
0.200000
2.200000
2.800000
2.200000
0.000000
0.000000
0.000000
0.200000
0.000000
0.000000
4.000000
8.600000
0.000000
28.400000
0.000000
0.000000
15.600000
1.200000
6.400000
0.000000
0.400000
29.800000
0.000000
0.000000
0.000000
0.000000
0.000000
0.000000
0.000000
0.000000
0.000000
0.000000
0.000000
0.000000
0.000000
0.000000
0.000000
0.000000
0.000000
0.000000
0.000000
2.000000
0.000000
0.200000
0.000000
0.000000
5.800000
0.000000
0.000000
0.000000
0.000000
0.000000
0.800000
1.800000
5.000000
0.000000
0.000000
0.600000
0.600000
0.000000
0.000000
0.000000
0.000000
0.000000
2.000000
12.000000
0.000000
4.800000
0.000000
0.000000
0.000000
0.000000
0.000000
0.000000
0.800000
0.400000
0.000000
0.000000
0.800000
0.000000
0.000000
0.000000
0.000000
0.000000
0.000000
0.000000
0.000000
0.000000
0.000000
0.000000
0.000000
0.000000
0.000000
0.000000
0.000000
0.000000
0.000000
0.000000
0.000000
0.000000
1.400000
4.800000
2.600000
0.200000
0.000000
0.000000
0.000000
0.200000
0.000000
