mmarsan 1992  1  1   1     0.5    7.5    4.0    0.7    0.0 -999.9 -999.9  330.0
mmarsan 1992  1  2   2     1.0    5.8    4.0    0.7    0.0 -999.9 -999.9  330.0
mmarsan 1992  1  3   3    -2.5    9.2    4.0    0.7    0.0 -999.9 -999.9  330.0
mmarsan 1992  1  4   4    -4.0   12.0    4.0    0.7    0.0 -999.9 -999.9  330.0
mmarsan 1992  1  5   5    -3.5   11.7    4.0    0.7    0.0 -999.9 -999.9  330.0
mmarsan 1992  1  6   6    -3.0   10.4    4.0    0.7    0.0 -999.9 -999.9  330.0
mmarsan 1992  1  7   7    -4.0    9.8    4.0    0.7    0.2 -999.9 -999.9  330.0
mmarsan 1992  1  8   8     1.2   18.1    4.0    0.7    3.4 -999.9 -999.9  330.0
mmarsan 1992  1  9   9     8.1   12.0    4.0    0.7   26.5 -999.9 -999.9  330.0
mmarsan 1992  1 10  10     6.5    8.8    4.0    0.7    4.5 -999.9 -999.9  330.0
mmarsan 1992  1 11  11     3.8    8.5    2.1    0.3    0.0 -999.9 -999.9  330.0
mmarsan 1992  1 12  12     0.8    5.6    2.1    0.3    1.2 -999.9 -999.9  330.0
mmarsan 1992  1 13  13     4.0    6.9    2.1    0.3    0.0 -999.9 -999.9  330.0
mmarsan 1992  1 14  14     3.5    6.0    2.1    0.3    0.0 -999.9 -999.9  330.0
mmarsan 1992  1 15  15     1.6    5.1    2.1    0.3    0.0 -999.9 -999.9  330.0
mmarsan 1992  1 16  16     3.1    4.9    2.1    0.3    0.0 -999.9 -999.9  330.0
mmarsan 1992  1 17  17     2.0    3.0    2.1    0.3    0.0 -999.9 -999.9  330.0
mmarsan 1992  1 18  18     1.6    6.2    2.1    0.3    0.0 -999.9 -999.9  330.0
mmarsan 1992  1 19  19    -3.2    1.7    2.1    0.3    0.0 -999.9 -999.9  330.0
mmarsan 1992  1 20  20    -2.0    4.5    2.1    0.3    0.0 -999.9 -999.9  330.0
mmarsan 1992  1 21  21    -0.5    5.8    4.6    0.3    0.0 -999.9 -999.9  330.0
mmarsan 1992  1 22  22    -5.0    2.5    4.6    0.3    6.0 -999.9 -999.9  330.0
mmarsan 1992  1 23  23    -3.5    5.9    4.6    0.3    0.0 -999.9 -999.9  330.0
mmarsan 1992  1 24  24    -0.2    4.0    4.6    0.3    0.0 -999.9 -999.9  330.0
mmarsan 1992  1 25  25    -3.5   10.3    4.6    0.3    0.0 -999.9 -999.9  330.0
mmarsan 1992  1 26  26    -1.0    9.4    4.6    0.3    0.0 -999.9 -999.9  330.0
mmarsan 1992  1 27  27    -3.0    4.0    4.6    0.3    0.0 -999.9 -999.9  330.0
mmarsan 1992  1 28  28    -1.4    6.6    4.6    0.3    0.0 -999.9 -999.9  330.0
mmarsan 1992  1 29  29    -5.4    9.6    4.6    0.3    0.0 -999.9 -999.9  330.0
mmarsan 1992  1 30  30    -4.5   13.7    4.6    0.3    0.0 -999.9 -999.9  330.0
mmarsan 1992  1 31  31    -3.3   12.3    4.6    0.3    0.0 -999.9 -999.9  330.0
mmarsan 1992  2  1  32     2.5   13.2    4.7    0.6    0.0 -999.9 -999.9  330.0
mmarsan 1992  2  2  33    -1.5    9.1    4.7    0.6    0.0 -999.9 -999.9  330.0
mmarsan 1992  2  3  34    -2.3    7.4    4.7    0.6    0.0 -999.9 -999.9  330.0
mmarsan 1992  2  4  35     4.0   10.7    4.7    0.6    0.0 -999.9 -999.9  330.0
mmarsan 1992  2  5  36     5.2   11.2    4.7    0.6    0.0 -999.9 -999.9  330.0
mmarsan 1992  2  6  37     6.9    9.8    4.7    0.6    0.0 -999.9 -999.9  330.0
mmarsan 1992  2  7  38     5.0    8.8    4.7    0.6    0.0 -999.9 -999.9  330.0
mmarsan 1992  2  8  39    -2.4   14.6    4.7    0.6    0.0 -999.9 -999.9  330.0
mmarsan 1992  2  9  40    -2.9   15.1    4.7    0.6    3.4 -999.9 -999.9  330.0
mmarsan 1992  2 10  41    -0.8   15.4    4.7    0.6    0.0 -999.9 -999.9  330.0
mmarsan 1992  2 11  42     1.0   15.1    6.2    0.8    1.7 -999.9 -999.9  330.0
mmarsan 1992  2 12  43     0.1   20.7    6.2    0.8    4.6 -999.9 -999.9  330.0
mmarsan 1992  2 13  44     5.9   14.4    6.2    0.8    5.9 -999.9 -999.9  330.0
mmarsan 1992  2 14  45     3.8   15.0    6.2    0.8    0.0 -999.9 -999.9  330.0
mmarsan 1992  2 15  46     3.2   17.8    6.2    0.8    3.3 -999.9 -999.9  330.0
mmarsan 1992  2 16  47     5.9   12.1    6.2    0.8    1.9 -999.9 -999.9  330.0
mmarsan 1992  2 17  48    -0.5    9.8    6.2    0.8    0.0 -999.9 -999.9  330.0
mmarsan 1992  2 18  49    -2.4    7.1    6.2    0.8    0.0 -999.9 -999.9  330.0
mmarsan 1992  2 19  50    -3.1    9.5    6.2    0.8    0.0 -999.9 -999.9  330.0
mmarsan 1992  2 20  51    -4.2   11.3    6.2    0.8    0.0 -999.9 -999.9  330.0
mmarsan 1992  2 21  52    -7.0   10.0    9.5    0.8    0.0 -999.9 -999.9  330.0
mmarsan 1992  2 22  53    -5.5   12.0    9.5    0.8    0.0 -999.9 -999.9  330.0
mmarsan 1992  2 23  54    -4.7   16.5    9.5    0.8    0.0 -999.9 -999.9  330.0
mmarsan 1992  2 24  55    -4.9   17.5    9.5    0.8    0.0 -999.9 -999.9  330.0
mmarsan 1992  2 25  56     4.6   13.2    9.5    0.8    0.0 -999.9 -999.9  330.0
mmarsan 1992  2 26  57     2.0   12.0    9.5    0.8    0.0 -999.9 -999.9  330.0
mmarsan 1992  2 27  58    -1.1   16.8    9.5    0.8    0.0 -999.9 -999.9  330.0
mmarsan 1992  2 28  59    -0.6   19.0    9.5    0.8    0.0 -999.9 -999.9  330.0
mmarsan 1992  2 29  60     0.4   17.8    9.5    0.8    0.0 -999.9 -999.9  330.0
mmarsan 1992  3  1  61    -0.6   19.0   14.3    1.6    0.0 -999.9 -999.9  330.0
mmarsan 1992  3  2  62     3.6   18.1   11.4    1.6    0.0 -999.9 -999.9  330.0
mmarsan 1992  3  3  63     0.4   17.8    8.8    1.6    0.0 -999.9 -999.9  330.0
mmarsan 1992  3  4  64     2.3   15.3    8.9    1.6    0.0 -999.9 -999.9  330.0
mmarsan 1992  3  5  65     3.8   14.6    6.7    1.6    0.3 -999.9 -999.9  330.0
mmarsan 1992  3  6  66     7.1   18.0   11.0    1.6    0.0 -999.9 -999.9  330.0
mmarsan 1992  3  7  67    -0.5   18.0   14.7    1.6    1.9 -999.9 -999.9  330.0
mmarsan 1992  3  8  68     9.0   14.0    7.6    1.6    0.0 -999.9 -999.9  330.0
mmarsan 1992  3  9  69    -1.6   15.9    8.5    1.6    0.0 -999.9 -999.9  330.0
mmarsan 1992  3 10  70    -0.9   17.5    8.0    1.6    4.5 -999.9 -999.9  330.0
mmarsan 1992  3 11  71     3.5   12.0    8.0    1.6    0.0 -999.9 -999.9  330.0
mmarsan 1992  3 12  72    -2.8   12.0   10.7    1.6    1.0 -999.9 -999.9  330.0
mmarsan 1992  3 13  73     7.6   13.7    5.9    1.6    2.8 -999.9 -999.9  330.0
mmarsan 1992  3 14  74     8.3   13.5    5.3    1.6    1.2 -999.9 -999.9  330.0
mmarsan 1992  3 15  75    10.4   12.5    3.4    1.6    0.7 -999.9 -999.9  330.0
mmarsan 1992  3 16  76     6.5   16.0   11.1    1.6    0.0 -999.9 -999.9  330.0
mmarsan 1992  3 17  77     0.8   20.6   14.9    1.6    0.0 -999.9 -999.9  330.0
mmarsan 1992  3 18  78     3.5   16.5   11.3    1.6    0.0 -999.9 -999.9  330.0
mmarsan 1992  3 19  79     3.5   16.5   12.5    1.6    0.0 -999.9 -999.9  330.0
mmarsan 1992  3 20  80     3.5   23.4   18.8    1.6    0.0 -999.9 -999.9  330.0
mmarsan 1992  3 21  81     5.5   14.3    6.8    1.7    0.0 -999.9 -999.9  330.0
mmarsan 1992  3 22  82     7.3   16.7   14.3    1.7    7.0 -999.9 -999.9  330.0
mmarsan 1992  3 23  83     9.5   12.4    3.8    1.7   15.4 -999.9 -999.9  330.0
mmarsan 1992  3 24  84     3.2    8.4    8.4    1.7    9.5 -999.9 -999.9  330.0
mmarsan 1992  3 25  85     2.3   10.0    8.0    1.7    8.3 -999.9 -999.9  330.0
mmarsan 1992  3 26  86     3.1   11.0    6.9    1.7   10.9 -999.9 -999.9  330.0
mmarsan 1992  3 27  87     0.0   10.8   10.2    1.7    6.3 -999.9 -999.9  330.0
mmarsan 1992  3 28  88     2.2   10.6   11.5    1.7    0.2 -999.9 -999.9  330.0
mmarsan 1992  3 29  89     1.4   13.7   14.7    1.7    0.0 -999.9 -999.9  330.0
mmarsan 1992  3 30  90     4.0   15.0    7.7    1.7    5.3 -999.9 -999.9  330.0
mmarsan 1992  3 31  91    -0.8   13.1   17.6    1.7   17.6 -999.9 -999.9  330.0
mmarsan 1992  4  1  92     4.0   10.5   12.6    2.2   17.3 -999.9 -999.9  330.0
mmarsan 1992  4  2  93     4.8   14.5   13.4    2.2    2.5 -999.9 -999.9  330.0
mmarsan 1992  4  3  94     6.5   16.7    6.4    2.2    1.5 -999.9 -999.9  330.0
mmarsan 1992  4  4  95     5.6   14.1    8.9    2.2    0.1 -999.9 -999.9  330.0
mmarsan 1992  4  5  96     5.2   13.2   14.9    2.2    0.0 -999.9 -999.9  330.0
mmarsan 1992  4  6  97     1.0   15.0   21.3    2.2    8.0 -999.9 -999.9  330.0
mmarsan 1992  4  7  98     6.6   13.2   10.6    2.2   18.1 -999.9 -999.9  330.0
mmarsan 1992  4  8  99     6.3   12.0   14.3    2.2   10.8 -999.9 -999.9  330.0
mmarsan 1992  4  9 100     2.7   17.6   19.4    2.2    0.2 -999.9 -999.9  330.0
mmarsan 1992  4 10 101     3.9   18.0   21.5    2.2    0.0 -999.9 -999.9  330.0
mmarsan 1992  4 11 102     4.1   18.9   19.1    2.7    0.0 -999.9 -999.9  330.0
mmarsan 1992  4 12 103     2.4   15.1   12.8    2.7    0.1 -999.9 -999.9  330.0
mmarsan 1992  4 13 104     4.6   18.3   22.2    2.7    0.0 -999.9 -999.9  330.0
mmarsan 1992  4 14 105    -0.6   24.3   22.6    2.7    7.0 -999.9 -999.9  330.0
mmarsan 1992  4 15 106     8.2   14.6   17.9    2.7    7.7 -999.9 -999.9  330.0
mmarsan 1992  4 16 107     3.2   11.9   15.6    2.7    0.4 -999.9 -999.9  330.0
mmarsan 1992  4 17 108     3.9   10.8    8.5    2.7    2.6 -999.9 -999.9  330.0
mmarsan 1992  4 18 109     5.5   12.7    5.7    2.7    1.8 -999.9 -999.9  330.0
mmarsan 1992  4 19 110    10.3   18.3   13.6    2.7    0.3 -999.9 -999.9  330.0
mmarsan 1992  4 20 111     3.2   24.7   25.5    2.7    0.0 -999.9 -999.9  330.0
mmarsan 1992  4 21 112     4.2   14.7    9.4    2.9    0.0 -999.9 -999.9  330.0
mmarsan 1992  4 22 113    10.0   21.9   20.1    2.9    0.0 -999.9 -999.9  330.0
mmarsan 1992  4 23 114     4.5   21.4   12.0    2.9    0.0 -999.9 -999.9  330.0
mmarsan 1992  4 24 115     6.1   29.0   24.1    2.9    0.0 -999.9 -999.9  330.0
mmarsan 1992  4 25 116     6.2   24.8   18.3    2.9    0.0 -999.9 -999.9  330.0
mmarsan 1992  4 26 117     7.1   26.5   23.7    2.9    0.0 -999.9 -999.9  330.0
mmarsan 1992  4 27 118     8.5   21.1   14.7    2.9    2.9 -999.9 -999.9  330.0
mmarsan 1992  4 28 119     8.1   14.4    7.0    2.9    5.7 -999.9 -999.9  330.0
mmarsan 1992  4 29 120     4.6   14.7   18.1    2.9    0.7 -999.9 -999.9  330.0
mmarsan 1992  4 30 121     7.6   14.0    8.5    2.9    0.9 -999.9 -999.9  330.0
mmarsan 1992  5  1 122    10.0   15.0    6.6    3.4    4.0 -999.9 -999.9  330.0
mmarsan 1992  5  2 123     8.5   14.2   13.2    3.4    0.1 -999.9 -999.9  330.0
mmarsan 1992  5  3 124     5.4   18.3   18.0    3.4    0.0 -999.9 -999.9  330.0
mmarsan 1992  5  4 125     3.9   20.9   24.8    3.4    0.0 -999.9 -999.9  330.0
mmarsan 1992  5  5 126     5.6   19.7   18.1    3.4    0.0 -999.9 -999.9  330.0
mmarsan 1992  5  6 127     4.5   21.8   21.7    3.4    0.0 -999.9 -999.9  330.0
mmarsan 1992  5  7 128     5.7   21.0   20.5    3.4    0.0 -999.9 -999.9  330.0
mmarsan 1992  5  8 129     7.0   20.8   22.9    3.4    0.0 -999.9 -999.9  330.0
mmarsan 1992  5  9 130     5.1   21.9   24.8    3.4    0.0 -999.9 -999.9  330.0
mmarsan 1992  5 10 131    11.0   23.1   21.4    3.4    0.0 -999.9 -999.9  330.0
mmarsan 1992  5 11 132    12.6   20.6   24.2    5.3    0.0 -999.9 -999.9  330.0
mmarsan 1992  5 12 133     2.9   28.2   27.9    5.3    0.0 -999.9 -999.9  330.0
mmarsan 1992  5 13 134     9.6   34.1   26.1    5.3    0.0 -999.9 -999.9  330.0
mmarsan 1992  5 14 135    10.0   33.1   26.6    5.3    0.0 -999.9 -999.9  330.0
mmarsan 1992  5 15 136    15.2   31.5   25.2    5.3    0.0 -999.9 -999.9  330.0
mmarsan 1992  5 16 137    11.2   34.8   27.1    5.3    0.0 -999.9 -999.9  330.0
mmarsan 1992  5 17 138    12.0   35.1   27.1    5.3    0.0 -999.9 -999.9  330.0
mmarsan 1992  5 18 139    12.1   32.2   25.7    5.3    0.0 -999.9 -999.9  330.0
mmarsan 1992  5 19 140    14.5   27.2   24.8    5.3    0.0 -999.9 -999.9  330.0
mmarsan 1992  5 20 141    14.3   26.7   23.1    5.3    0.0 -999.9 -999.9  330.0
mmarsan 1992  5 21 142    13.4   27.5   23.1    4.1    0.0 -999.9 -999.9  330.0
mmarsan 1992  5 22 143    12.0   27.5   20.4    4.1    0.4 -999.9 -999.9  330.0
mmarsan 1992  5 23 144    13.2   24.5   14.2    4.1    9.1 -999.9 -999.9  330.0
mmarsan 1992  5 24 145    12.1   25.5   24.9    4.1    0.0 -999.9 -999.9  330.0
mmarsan 1992  5 25 146     9.0   27.5   28.7    4.1    0.0 -999.9 -999.9  330.0
mmarsan 1992  5 26 147    12.5   30.0   25.1    4.1    0.8 -999.9 -999.9  330.0
mmarsan 1992  5 27 148    16.9   30.8   24.9    4.1    0.0 -999.9 -999.9  330.0
mmarsan 1992  5 28 149    15.5   24.5   13.2    4.1    1.0 -999.9 -999.9  330.0
mmarsan 1992  5 29 150    11.6   23.1   20.3    4.1    1.9 -999.9 -999.9  330.0
mmarsan 1992  5 30 151    13.0   24.1   14.6    4.1   11.0 -999.9 -999.9  330.0
mmarsan 1992  5 31 152    14.4   25.0   17.0    4.1   18.5 -999.9 -999.9  330.0
mmarsan 1992  6  1 153    12.0   20.2   10.1    2.6    1.8 -999.9 -999.9  330.0
mmarsan 1992  6  2 154    10.4   20.6    9.5    2.6   15.2 -999.9 -999.9  330.0
mmarsan 1992  6  3 155    13.0   18.8   10.1    2.6    0.2 -999.9 -999.9  330.0
mmarsan 1992  6  4 156    11.2   13.8    6.1    2.6   23.4 -999.9 -999.9  330.0
mmarsan 1992  6  5 157    10.1   15.8   10.9    2.6   21.2 -999.9 -999.9  330.0
mmarsan 1992  6  6 158    11.1   19.0   23.7    2.6    0.3 -999.9 -999.9  330.0
mmarsan 1992  6  7 159     6.5   20.6   20.5    2.6   49.0 -999.9 -999.9  330.0
mmarsan 1992  6  8 160    11.0   21.4   22.4    2.6    0.5 -999.9 -999.9  330.0
mmarsan 1992  6  9 161    11.5   15.4    6.2    2.6    7.0 -999.9 -999.9  330.0
mmarsan 1992  6 10 162    10.9   13.2    5.1    2.6   13.2 -999.9 -999.9  330.0
mmarsan 1992  6 11 163    11.4   18.0    9.7    3.6    0.1 -999.9 -999.9  330.0
mmarsan 1992  6 12 164     7.6   20.6   19.2    3.6    0.0 -999.9 -999.9  330.0
mmarsan 1992  6 13 165    10.2   21.7   16.7    3.6    0.0 -999.9 -999.9  330.0
mmarsan 1992  6 14 166    12.3   26.7   22.8    3.6    0.0 -999.9 -999.9  330.0
mmarsan 1992  6 15 167    13.0   29.4   19.7    3.6    0.4 -999.9 -999.9  330.0
mmarsan 1992  6 16 168    16.0   26.8   23.8    3.6    4.0 -999.9 -999.9  330.0
mmarsan 1992  6 17 169    15.9   19.6    4.1    3.6    0.6 -999.9 -999.9  330.0
mmarsan 1992  6 18 170    18.8   26.3   18.6    3.6    0.0 -999.9 -999.9  330.0
mmarsan 1992  6 19 171    12.2   20.6   22.8    3.6    0.0 -999.9 -999.9  330.0
mmarsan 1992  6 20 172     7.0   19.8   25.3    3.6    0.0 -999.9 -999.9  330.0
mmarsan 1992  6 21 173     5.1   21.2   26.2    3.6    4.4 -999.9 -999.9  330.0
mmarsan 1992  6 22 174    12.7   22.9   18.1    3.6    0.0 -999.9 -999.9  330.0
mmarsan 1992  6 23 175    14.1   19.7   10.6    3.6   26.0 -999.9 -999.9  330.0
mmarsan 1992  6 24 176    14.0   21.4   10.4    3.6    2.0 -999.9 -999.9  330.0
mmarsan 1992  6 25 177     9.9   22.0   23.2    3.6    0.0 -999.9 -999.9  330.0
mmarsan 1992  6 26 178    10.8   24.3   25.4    3.6    0.0 -999.9 -999.9  330.0
mmarsan 1992  6 27 179    11.0   28.9   26.9    3.6    0.0 -999.9 -999.9  330.0
mmarsan 1992  6 28 180    12.6   30.1   22.0    3.6    1.5 -999.9 -999.9  330.0
mmarsan 1992  6 29 181    17.5   28.6   19.0    3.6    9.6 -999.9 -999.9  330.0
mmarsan 1992  6 30 182    17.5   25.7   12.1    3.6   26.6 -999.9 -999.9  330.0
mmarsan 1992  7  1 183    15.5   21.1   11.5    3.1   13.0 -999.9 -999.9  330.0
mmarsan 1992  7  2 184    15.0   25.8   13.0    3.1    0.3 -999.9 -999.9  330.0
mmarsan 1992  7  3 185    11.7   28.6   27.0    3.1    0.4 -999.9 -999.9  330.0
mmarsan 1992  7  4 186    15.0   22.0   15.4    3.1    2.0 -999.9 -999.9  330.0
mmarsan 1992  7  5 187    13.6   18.9    9.1    3.1    8.0 -999.9 -999.9  330.0
mmarsan 1992  7  6 188    13.4   22.0   11.6    3.1    1.6 -999.9 -999.9  330.0
mmarsan 1992  7  7 189    15.4   23.3   15.1    3.1    0.0 -999.9 -999.9  330.0
mmarsan 1992  7  8 190    14.5   23.9   20.8    3.1    0.0 -999.9 -999.9  330.0
mmarsan 1992  7  9 191    12.0   26.1   21.5    3.1    1.0 -999.9 -999.9  330.0
mmarsan 1992  7 10 192    15.0   19.5    7.8    3.1    4.6 -999.9 -999.9  330.0
mmarsan 1992  7 11 193    10.6   23.2   20.4    4.2    0.2 -999.9 -999.9  330.0
mmarsan 1992  7 12 194    17.2   22.6   11.8    4.2    5.0 -999.9 -999.9  330.0
mmarsan 1992  7 13 195    13.5   26.6   25.9    4.2    0.0 -999.9 -999.9  330.0
mmarsan 1992  7 14 196    11.1   30.0   22.8    4.2    0.0 -999.9 -999.9  330.0
mmarsan 1992  7 15 197    15.5   31.1   23.5    4.2    0.0 -999.9 -999.9  330.0
mmarsan 1992  7 16 198    19.5   23.0   13.0    4.2    0.0 -999.9 -999.9  330.0
mmarsan 1992  7 17 199    18.3   24.8   13.2    4.2    0.0 -999.9 -999.9  330.0
mmarsan 1992  7 18 200    13.4   29.7   26.5    4.2    0.0 -999.9 -999.9  330.0
mmarsan 1992  7 19 201    15.3   33.1   23.0    4.2    0.0 -999.9 -999.9  330.0
mmarsan 1992  7 20 202    18.3   34.7   25.0    4.2    1.4 -999.9 -999.9  330.0
mmarsan 1992  7 21 203    19.1   20.8    5.2    4.4    2.8 -999.9 -999.9  330.0
mmarsan 1992  7 22 204    13.2   26.7   24.4    4.4    0.0 -999.9 -999.9  330.0
mmarsan 1992  7 23 205    10.6   31.3   27.0    4.4    0.0 -999.9 -999.9  330.0
mmarsan 1992  7 24 206    18.3   23.0   17.4    4.4    0.0 -999.9 -999.9  330.0
mmarsan 1992  7 25 207    14.8   28.4   21.0    4.4    0.0 -999.9 -999.9  330.0
mmarsan 1992  7 26 208    14.2   33.0   26.0    4.4    0.0 -999.9 -999.9  330.0
mmarsan 1992  7 27 209    15.5   27.1   14.1    4.4    0.0 -999.9 -999.9  330.0
mmarsan 1992  7 28 210    13.5   32.0   25.5    4.4    0.0 -999.9 -999.9  330.0
mmarsan 1992  7 29 211    16.5   36.3   24.0    4.4    0.0 -999.9 -999.9  330.0
mmarsan 1992  7 30 212    21.0   34.5   24.3    4.4    0.0 -999.9 -999.9  330.0
mmarsan 1992  7 31 213    19.5   35.0   25.0    4.4    0.0 -999.9 -999.9  330.0
mmarsan 1992  8  1 214    19.0   33.1   19.4    4.0    0.0 -999.9 -999.9  330.0
mmarsan 1992  8  2 215    21.0   32.6   19.5    4.0    0.0 -999.9 -999.9  330.0
mmarsan 1992  8  3 216    20.2   28.0    8.1    4.0    0.0 -999.9 -999.9  330.0
mmarsan 1992  8  4 217    18.0   27.9   18.5    4.0    0.0 -999.9 -999.9  330.0
mmarsan 1992  8  5 218    11.5   30.9   25.1    4.0    0.0 -999.9 -999.9  330.0
mmarsan 1992  8  6 219    15.0   29.4   15.4    4.0    0.0 -999.9 -999.9  330.0
mmarsan 1992  8  7 220    16.1   36.0   19.7    4.0    6.2 -999.9 -999.9  330.0
mmarsan 1992  8  8 221    17.2   35.5   18.9    4.0   81.1 -999.9 -999.9  330.0
mmarsan 1992  8  9 222    16.8   19.2    4.6    4.0   65.6 -999.9 -999.9  330.0
mmarsan 1992  8 10 223    11.0   24.9   20.2    4.0    0.0 -999.9 -999.9  330.0
mmarsan 1992  8 11 224    14.5   21.8   11.9    3.2    0.0 -999.9 -999.9  330.0
mmarsan 1992  8 12 225    11.1   24.6   12.2    3.2    0.0 -999.9 -999.9  330.0
mmarsan 1992  8 13 226    10.9   24.7   14.0    3.2    0.0 -999.9 -999.9  330.0
mmarsan 1992  8 14 227    10.3   23.5   12.0    3.2    4.5 -999.9 -999.9  330.0
mmarsan 1992  8 15 228    16.5   26.0   16.2    3.2    0.0 -999.9 -999.9  330.0
mmarsan 1992  8 16 229    13.0   28.5   22.7    3.2    0.0 -999.9 -999.9  330.0
mmarsan 1992  8 17 230    14.0   30.2   23.3    3.2    0.0 -999.9 -999.9  330.0
mmarsan 1992  8 18 231    17.3   33.1   18.4    3.2    0.0 -999.9 -999.9  330.0
mmarsan 1992  8 19 232    19.0   27.5    8.7    3.2   21.9 -999.9 -999.9  330.0
mmarsan 1992  8 20 233    16.5   26.5   11.4    3.2    0.0 -999.9 -999.9  330.0
mmarsan 1992  8 21 234    14.5   29.6   18.9    3.3    0.0 -999.9 -999.9  330.0
mmarsan 1992  8 22 235    17.0   30.5   22.5    3.3    0.0 -999.9 -999.9  330.0
mmarsan 1992  8 23 236    16.9   28.7   18.0    3.3    0.0 -999.9 -999.9  330.0
mmarsan 1992  8 24 237    14.7   30.9   21.6    3.3    0.0 -999.9 -999.9  330.0
mmarsan 1992  8 25 238    16.9   28.9   14.5    3.3    0.4 -999.9 -999.9  330.0
mmarsan 1992  8 26 239    18.9   26.3   14.0    3.3    0.0 -999.9 -999.9  330.0
mmarsan 1992  8 27 240    13.8   32.9   21.9    3.3    0.0 -999.9 -999.9  330.0
mmarsan 1992  8 28 241    16.5   30.8   19.7    3.3   29.4 -999.9 -999.9  330.0
mmarsan 1992  8 29 242    14.6   22.3   13.0    3.3    7.8 -999.9 -999.9  330.0
mmarsan 1992  8 30 243    10.9   24.7   14.6    3.3   40.5 -999.9 -999.9  330.0
mmarsan 1992  8 31 244    14.1   17.8    8.6    3.3   18.8 -999.9 -999.9  330.0
mmarsan 1992  9  1 245    10.1   22.8   16.9    2.4    2.8 -999.9 -999.9  330.0
mmarsan 1992  9  2 246     6.8   27.0    9.9    2.4    0.7 -999.9 -999.9  330.0
mmarsan 1992  9  3 247    12.6   22.9    9.7    2.4    0.0 -999.9 -999.9  330.0
mmarsan 1992  9  4 248    12.8   21.1    7.5    2.4    0.0 -999.9 -999.9  330.0
mmarsan 1992  9  5 249     5.0   23.4   21.8    2.4    0.0 -999.9 -999.9  330.0
mmarsan 1992  9  6 250     7.4   27.0   21.9    2.4    0.0 -999.9 -999.9  330.0
mmarsan 1992  9  7 251    10.6   22.5    7.2    2.4    0.0 -999.9 -999.9  330.0
mmarsan 1992  9  8 252    12.6   15.0    2.8    2.4   16.9 -999.9 -999.9  330.0
mmarsan 1992  9  9 253    11.5   19.7   13.4    2.4    0.3 -999.9 -999.9  330.0
mmarsan 1992  9 10 254     8.0   26.5   20.1    2.4    0.0 -999.9 -999.9  330.0
mmarsan 1992  9 11 255    11.8   23.8    8.9    2.4    0.0 -999.9 -999.9  330.0
mmarsan 1992  9 12 256    13.1   27.5   18.9    2.4    0.0 -999.9 -999.9  330.0
mmarsan 1992  9 13 257    12.3   25.5    9.4    2.4    0.0 -999.9 -999.9  330.0
mmarsan 1992  9 14 258    12.8   24.0    9.7    2.4    0.0 -999.9 -999.9  330.0
mmarsan 1992  9 15 259    10.0   26.6   19.3    2.4    0.0 -999.9 -999.9  330.0
mmarsan 1992  9 16 260    10.9   31.8   19.5    2.4    0.0 -999.9 -999.9  330.0
mmarsan 1992  9 17 261    13.8   25.5   16.3    2.4    0.0 -999.9 -999.9  330.0
mmarsan 1992  9 18 262    14.5   20.6    3.9    2.4    0.0 -999.9 -999.9  330.0
mmarsan 1992  9 19 263    15.1   21.8   13.6    2.4    0.0 -999.9 -999.9  330.0
mmarsan 1992  9 20 264    15.2   27.2   16.6    2.4    0.0 -999.9 -999.9  330.0
mmarsan 1992  9 21 265    14.6   26.4   11.2    1.9    5.5 -999.9 -999.9  330.0
mmarsan 1992  9 22 266    13.1   19.4   14.6    1.9    8.2 -999.9 -999.9  330.0
mmarsan 1992  9 23 267     9.2   18.8   12.1    1.9    1.3 -999.9 -999.9  330.0
mmarsan 1992  9 24 268     7.4   24.6   17.7    1.9    0.0 -999.9 -999.9  330.0
mmarsan 1992  9 25 269     8.0   28.1   17.0    1.9    0.0 -999.9 -999.9  330.0
mmarsan 1992  9 26 270    13.8   26.1    9.9    1.9   10.1 -999.9 -999.9  330.0
mmarsan 1992  9 27 271    14.5   21.0   14.1    1.9   21.1 -999.9 -999.9  330.0
mmarsan 1992  9 28 272    12.5   16.0    5.3    1.9    2.0 -999.9 -999.9  330.0
mmarsan 1992  9 29 273     7.5   23.5   11.6    1.9    0.0 -999.9 -999.9  330.0
mmarsan 1992  9 30 274     8.5   23.0   10.0    1.9    0.0 -999.9 -999.9  330.0
mmarsan 1992 10  1 275    11.5   24.0   12.4    1.2    0.0 -999.9 -999.9  330.0
mmarsan 1992 10  2 276    12.0   19.1    4.6    1.2    1.7 -999.9 -999.9  330.0
mmarsan 1992 10  3 277    11.5   17.5    9.4    1.2   16.7 -999.9 -999.9  330.0
mmarsan 1992 10  4 278     8.2   16.5    2.3    1.2    3.5 -999.9 -999.9  330.0
mmarsan 1992 10  5 279    11.5   13.2    1.9    1.2    2.5 -999.9 -999.9  330.0
mmarsan 1992 10  6 280    11.2   15.1    2.1    1.2    0.0 -999.9 -999.9  330.0
mmarsan 1992 10  7 281    11.0   16.5    6.3    1.2    0.0 -999.9 -999.9  330.0
mmarsan 1992 10  8 282     9.5   20.5   13.6    1.2    7.8 -999.9 -999.9  330.0
mmarsan 1992 10  9 283    11.0   15.2    4.1    1.2   12.5 -999.9 -999.9  330.0
mmarsan 1992 10 10 284    11.0   18.5    8.7    1.2    0.0 -999.9 -999.9  330.0
mmarsan 1992 10 11 285     9.5   16.5    8.6    1.0    0.0 -999.9 -999.9  330.0
mmarsan 1992 10 12 286     8.0   17.7   11.9    1.0    0.0 -999.9 -999.9  330.0
mmarsan 1992 10 13 287     8.6   15.5    6.9    1.0    0.0 -999.9 -999.9  330.0
mmarsan 1992 10 14 288     7.6   16.5    8.8    1.0    0.0 -999.9 -999.9  330.0
mmarsan 1992 10 15 289     9.9   16.7    5.6    1.0    4.3 -999.9 -999.9  330.0
mmarsan 1992 10 16 290     9.5   13.6    3.6    1.0   19.1 -999.9 -999.9  330.0
mmarsan 1992 10 17 291     6.5   14.0   12.2    1.0    1.5 -999.9 -999.9  330.0
mmarsan 1992 10 18 292     3.4   15.5   12.7    1.0    0.9 -999.9 -999.9  330.0
mmarsan 1992 10 19 293     4.0   13.1    4.3    1.0    0.0 -999.9 -999.9  330.0
mmarsan 1992 10 20 294     4.1   18.2   12.1    1.0   12.8 -999.9 -999.9  330.0
mmarsan 1992 10 21 295     5.6   12.4    9.6    0.8   16.3 -999.9 -999.9  330.0
mmarsan 1992 10 22 296     6.5   12.0    5.3    0.8   15.3 -999.9 -999.9  330.0
mmarsan 1992 10 23 297     8.1   14.6    5.8    0.8    4.5 -999.9 -999.9  330.0
mmarsan 1992 10 24 298    10.0   15.8    6.5    0.8   12.1 -999.9 -999.9  330.0
mmarsan 1992 10 25 299    11.3   15.4    5.2    0.8    7.4 -999.9 -999.9  330.0
mmarsan 1992 10 26 300    12.0   16.7    5.2    0.8    6.3 -999.9 -999.9  330.0
mmarsan 1992 10 27 301    12.5   17.9    7.7    0.8    5.4 -999.9 -999.9  330.0
mmarsan 1992 10 28 302     9.4   15.0    2.3    0.8   25.9 -999.9 -999.9  330.0
mmarsan 1992 10 29 303     9.5   11.9    4.3    0.8   11.1 -999.9 -999.9  330.0
mmarsan 1992 10 30 304     9.0   10.0    0.8    0.8   16.2 -999.9 -999.9  330.0
mmarsan 1992 10 31 305     5.5    9.4    4.6    0.8    0.3 -999.9 -999.9  330.0
mmarsan 1992 11  1 306     5.0   11.0    1.5    0.6    0.0 -999.9 -999.9  330.0
mmarsan 1992 11  2 307     3.5   15.8    4.8    0.6    7.8 -999.9 -999.9  330.0
mmarsan 1992 11  3 308    11.5   17.2    4.8    0.6    0.7 -999.9 -999.9  330.0
mmarsan 1992 11  4 309    10.6   16.2    3.3    0.6    1.1 -999.9 -999.9  330.0
mmarsan 1992 11  5 310    12.5   16.4    5.8    0.6    0.0 -999.9 -999.9  330.0
mmarsan 1992 11  6 311     5.0   19.7   10.1    0.6    0.0 -999.9 -999.9  330.0
mmarsan 1992 11  7 312     5.7   13.9    1.6    0.6    0.7 -999.9 -999.9  330.0
mmarsan 1992 11  8 313    12.6   14.8    2.1    0.6    0.0 -999.9 -999.9  330.0
mmarsan 1992 11  9 314    10.5   17.5    8.1    0.6    0.1 -999.9 -999.9  330.0
mmarsan 1992 11 10 315     7.0   15.0    3.2    0.6    0.0 -999.9 -999.9  330.0
mmarsan 1992 11 11 316     8.0   15.4    2.4    0.6   11.4 -999.9 -999.9  330.0
mmarsan 1992 11 12 317     4.9   14.9    6.8    0.6    2.6 -999.9 -999.9  330.0
mmarsan 1992 11 13 318     7.3   14.8    1.3    0.6   20.6 -999.9 -999.9  330.0
mmarsan 1992 11 14 319    11.0   22.3    3.7    0.6    0.7 -999.9 -999.9  330.0
mmarsan 1992 11 15 320    10.6   13.6    3.7    0.6    5.7 -999.9 -999.9  330.0
mmarsan 1992 11 16 321     6.7   14.0    3.7    0.6   21.3 -999.9 -999.9  330.0
mmarsan 1992 11 17 322     8.3   13.2    3.7    0.6    5.1 -999.9 -999.9  330.0
mmarsan 1992 11 18 323     8.0   14.1    3.7    0.6    5.8 -999.9 -999.9  330.0
mmarsan 1992 11 19 324    12.0   14.1    3.7    0.6   21.4 -999.9 -999.9  330.0
mmarsan 1992 11 20 325    12.8   16.2    2.9    0.6    0.4 -999.9 -999.9  330.0
mmarsan 1992 11 21 326    12.4   17.8    4.7    0.4    0.0 -999.9 -999.9  330.0
mmarsan 1992 11 22 327     4.8   17.5    8.4    0.4    0.0 -999.9 -999.9  330.0
mmarsan 1992 11 23 328     3.0   19.4    7.5    0.4    0.0 -999.9 -999.9  330.0
mmarsan 1992 11 24 329     1.7   16.0    7.5    0.4    0.0 -999.9 -999.9  330.0
mmarsan 1992 11 25 330     7.2   18.7    6.2    0.4    0.0 -999.9 -999.9  330.0
mmarsan 1992 11 26 331     6.5   14.7    4.4    0.4    2.9 -999.9 -999.9  330.0
mmarsan 1992 11 27 332     7.9   15.3    6.3    0.4    0.0 -999.9 -999.9  330.0
mmarsan 1992 11 28 333     7.4   20.1    6.9    0.4    0.0 -999.9 -999.9  330.0
mmarsan 1992 11 29 334     4.5   18.6    6.8    0.4    0.0 -999.9 -999.9  330.0
mmarsan 1992 11 30 335     0.9   19.8    6.8    0.4    7.5 -999.9 -999.9  330.0
mmarsan 1992 12  1 336     2.6    9.0    0.3   12.0    2.0 -999.9 -999.9  330.0
mmarsan    0  0  0   0     0.0    0.0    0.0    0.0    0.0 -999.9 -999.9  330.0
mmarsan    0  0  0   0     0.0    0.0    0.0    0.0    0.0 -999.9 -999.9  330.0
mmarsan    0  0  0   0     0.0    0.0    0.0    0.0    0.0 -999.9 -999.9  330.0
mmarsan    0  0  0   0     0.0    0.0    0.0    0.0    0.0 -999.9 -999.9  330.0
mmarsan    0  0  0   0     0.0    0.0    0.0    0.0    0.0 -999.9 -999.9  330.0
mmarsan    0  0  0   0     0.0    0.0    0.0    0.0    0.0 -999.9 -999.9  330.0
mmarsan    0  0  0   0     0.0    0.0    0.0    0.0    0.0 -999.9 -999.9  330.0
mmarsan    0  0  0   0     0.0    0.0    0.0    0.0    0.0 -999.9 -999.9  330.0
mmarsan    0  0  0   0     0.0    0.0    0.0    0.0    0.0 -999.9 -999.9  330.0
mmarsan    0  0  0   0     0.0    0.0    0.0    0.0    0.0 -999.9 -999.9  330.0
mmarsan    0  0  0   0     0.0    0.0    0.0    0.0    0.0 -999.9 -999.9  330.0
mmarsan    0  0  0   0     0.0    0.0    0.0    0.0    0.0 -999.9 -999.9  330.0
mmarsan    0  0  0   0     0.0    0.0    0.0    0.0    0.0 -999.9 -999.9  330.0
mmarsan    0  0  0   0     0.0    0.0    0.0    0.0    0.0 -999.9 -999.9  330.0
mmarsan    0  0  0   0     0.0    0.0    0.0    0.0    0.0 -999.9 -999.9  330.0
mmarsan    0  0  0   0     0.0    0.0    0.0    0.0    0.0 -999.9 -999.9  330.0
mmarsan    0  0  0   0     0.0    0.0    0.0    0.0    0.0 -999.9 -999.9  330.0
mmarsan    0  0  0   0     0.0    0.0    0.0    0.0    0.0 -999.9 -999.9  330.0
mmarsan    0  0  0   0     0.0    0.0    0.0    0.0    0.0 -999.9 -999.9  330.0
mmarsan    0  0  0   0     0.0    0.0    0.0    0.0    0.0 -999.9 -999.9  330.0
mmarsan    0  0  0   0     0.0    0.0    0.0    0.0    0.0 -999.9 -999.9  330.0
mmarsan    0  0  0   0     0.0    0.0    0.0    0.0    0.0 -999.9 -999.9  330.0
mmarsan    0  0  0   0     0.0    0.0    0.0    0.0    0.0 -999.9 -999.9  330.0
mmarsan    0  0  0   0     0.0    0.0    0.0    0.0    0.0 -999.9 -999.9  330.0
mmarsan    0  0  0   0     0.0    0.0    0.0    0.0    0.0 -999.9 -999.9  330.0
mmarsan    0  0  0   0     0.0    0.0    0.0    0.0    0.0 -999.9 -999.9  330.0
mmarsan    0  0  0   0     0.0    0.0    0.0    0.0    0.0 -999.9 -999.9  330.0
mmarsan    0  0  0   0     0.0    0.0    0.0    0.0    0.0 -999.9 -999.9  330.0
