mmarsan 1993  1  1   1    -1.1    9.4    5.2    0.2    0.0 -999.9 -999.9  330.0
mmarsan 1993  1  2   2    -1.1    9.4    5.2    0.2    0.0 -999.9 -999.9  330.0
mmarsan 1993  1  3   3    -1.1    9.4    5.2    0.2    0.0 -999.9 -999.9  330.0
mmarsan 1993  1  4   4    -1.1    9.4    5.2    0.2    0.0 -999.9 -999.9  330.0
mmarsan 1993  1  5   5    -1.1    9.4    5.2    0.2    0.0 -999.9 -999.9  330.0
mmarsan 1993  1  6   6    -1.1    9.4    5.2    0.2    0.0 -999.9 -999.9  330.0
mmarsan 1993  1  7   7    -1.1    9.4    5.2    0.2    0.0 -999.9 -999.9  330.0
mmarsan 1993  1  8   8    -1.1    9.4    5.2    0.2    0.0 -999.9 -999.9  330.0
mmarsan 1993  1  9   9    -1.1    9.4    5.2    0.2    0.0 -999.9 -999.9  330.0
mmarsan 1993  1 10  10    -1.1    9.4    5.2    0.2    0.0 -999.9 -999.9  330.0
mmarsan 1993  1 11  11     2.1   16.5    5.2    0.5    0.0 -999.9 -999.9  330.0
mmarsan 1993  1 12  12     2.1   16.5    5.2    0.5    0.0 -999.9 -999.9  330.0
mmarsan 1993  1 13  13     2.1   16.5    5.2    0.5    0.0 -999.9 -999.9  330.0
mmarsan 1993  1 14  14     2.1   16.5    5.2    0.5    0.0 -999.9 -999.9  330.0
mmarsan 1993  1 15  15     2.1   16.5    5.2    0.5    0.0 -999.9 -999.9  330.0
mmarsan 1993  1 16  16     2.1   16.5    5.2    0.5    0.0 -999.9 -999.9  330.0
mmarsan 1993  1 17  17     2.1   16.5    5.2    0.5    0.0 -999.9 -999.9  330.0
mmarsan 1993  1 18  18     2.1   16.5    5.2    0.5    0.0 -999.9 -999.9  330.0
mmarsan 1993  1 19  19     2.1   16.5    5.2    0.5    0.0 -999.9 -999.9  330.0
mmarsan 1993  1 20  20     2.1   16.5    5.2    0.5    0.0 -999.9 -999.9  330.0
mmarsan 1993  1 21  21     0.6   12.7    5.2    0.3    0.4 -999.9 -999.9  330.0
mmarsan 1993  1 22  22     0.6   12.7    5.2    0.3    0.4 -999.9 -999.9  330.0
mmarsan 1993  1 23  23     0.6   12.7    5.2    0.3    0.4 -999.9 -999.9  330.0
mmarsan 1993  1 24  24     0.6   12.7    5.2    0.3    0.4 -999.9 -999.9  330.0
mmarsan 1993  1 25  25     0.6   12.7    5.2    0.3    0.4 -999.9 -999.9  330.0
mmarsan 1993  1 26  26     0.6   12.7    5.2    0.3    0.4 -999.9 -999.9  330.0
mmarsan 1993  1 27  27     0.6   12.7    5.2    0.3    0.4 -999.9 -999.9  330.0
mmarsan 1993  1 28  28     0.6   12.7    5.2    0.3    0.4 -999.9 -999.9  330.0
mmarsan 1993  1 29  29     0.6   12.7    5.2    0.3    0.4 -999.9 -999.9  330.0
mmarsan 1993  1 30  30     0.6   12.7    5.2    0.3    0.4 -999.9 -999.9  330.0
mmarsan 1993  1 31  31     0.6   12.7    5.2    0.3    0.4 -999.9 -999.9  330.0
mmarsan 1993  2  1  32     0.5   13.4    7.8    0.6    0.0 -999.9 -999.9  330.0
mmarsan 1993  2  2  33     0.5   13.4    7.8    0.6    0.0 -999.9 -999.9  330.0
mmarsan 1993  2  3  34     0.5   13.4    7.8    0.6    0.0 -999.9 -999.9  330.0
mmarsan 1993  2  4  35     0.5   13.4    7.8    0.6    0.0 -999.9 -999.9  330.0
mmarsan 1993  2  5  36     0.5   13.4    7.8    0.6    0.0 -999.9 -999.9  330.0
mmarsan 1993  2  6  37     0.5   13.4    7.8    0.6    0.0 -999.9 -999.9  330.0
mmarsan 1993  2  7  38     0.5   13.4    7.8    0.6    0.0 -999.9 -999.9  330.0
mmarsan 1993  2  8  39     0.5   13.4    7.8    0.6    0.0 -999.9 -999.9  330.0
mmarsan 1993  2  9  40     0.5   13.4    7.8    0.6    0.0 -999.9 -999.9  330.0
mmarsan 1993  2 10  41     0.5   13.4    7.8    0.6    0.0 -999.9 -999.9  330.0
mmarsan 1993  2 11  42    -0.1   14.2    7.8    0.8    0.0 -999.9 -999.9  330.0
mmarsan 1993  2 12  43    -0.1   14.2    7.8    0.8    0.0 -999.9 -999.9  330.0
mmarsan 1993  2 13  44    -0.1   14.2    7.8    0.8    0.0 -999.9 -999.9  330.0
mmarsan 1993  2 14  45    -0.1   14.2    7.8    0.8    0.0 -999.9 -999.9  330.0
mmarsan 1993  2 15  46    -0.1   14.2    7.8    0.8    0.0 -999.9 -999.9  330.0
mmarsan 1993  2 16  47    -0.1   14.2    7.8    0.8    0.0 -999.9 -999.9  330.0
mmarsan 1993  2 17  48    -0.1   14.2    7.8    0.8    0.0 -999.9 -999.9  330.0
mmarsan 1993  2 18  49    -0.1   14.2    7.8    0.8    0.0 -999.9 -999.9  330.0
mmarsan 1993  2 19  50    -0.1   14.2    7.8    0.8    0.0 -999.9 -999.9  330.0
mmarsan 1993  2 20  51    -0.1   14.2    7.8    0.8    0.0 -999.9 -999.9  330.0
mmarsan 1993  2 21  52    -4.4    6.5    7.8    0.8    0.5 -999.9 -999.9  330.0
mmarsan 1993  2 22  53    -4.4    6.5    7.8    0.8    0.5 -999.9 -999.9  330.0
mmarsan 1993  2 23  54    -4.4    6.5    7.8    0.8    0.5 -999.9 -999.9  330.0
mmarsan 1993  2 24  55    -4.4    6.5    7.8    0.8    0.5 -999.9 -999.9  330.0
mmarsan 1993  2 25  56    -4.4    6.5    7.8    0.8    0.5 -999.9 -999.9  330.0
mmarsan 1993  2 26  57    -4.4    6.5    7.8    0.8    0.5 -999.9 -999.9  330.0
mmarsan 1993  2 27  58    -4.4    6.5    7.8    0.8    0.5 -999.9 -999.9  330.0
mmarsan 1993  2 28  59    -4.4    6.5    7.8    0.8    0.5 -999.9 -999.9  330.0
mmarsan 1993  3  1  60    -1.3   11.4   12.4    1.0    0.0 -999.9 -999.9  330.0
mmarsan 1993  3  2  61    -1.3   11.4   12.4    1.0    0.0 -999.9 -999.9  330.0
mmarsan 1993  3  3  62    -1.3   11.4   12.4    1.0    0.0 -999.9 -999.9  330.0
mmarsan 1993  3  4  63    -1.3   11.4   12.4    1.0    0.0 -999.9 -999.9  330.0
mmarsan 1993  3  5  64    -1.3   11.4   12.4    1.0    0.0 -999.9 -999.9  330.0
mmarsan 1993  3  6  65    -1.3   11.4   12.4    1.0    0.0 -999.9 -999.9  330.0
mmarsan 1993  3  7  66    -1.3   11.4   12.4    1.0    0.0 -999.9 -999.9  330.0
mmarsan 1993  3  8  67    -1.3   11.4   12.4    1.0    0.0 -999.9 -999.9  330.0
mmarsan 1993  3  9  68    -1.3   11.4   12.4    1.0    0.0 -999.9 -999.9  330.0
mmarsan 1993  3 10  69    -1.3   11.4   12.4    1.0    0.0 -999.9 -999.9  330.0
mmarsan 1993  3 11  70     5.1   21.6   12.4    2.2    0.2 -999.9 -999.9  330.0
mmarsan 1993  3 12  71     5.1   21.6   12.4    2.2    0.2 -999.9 -999.9  330.0
mmarsan 1993  3 13  72     5.1   21.6   12.4    2.2    0.2 -999.9 -999.9  330.0
mmarsan 1993  3 14  73     5.1   21.6   12.4    2.2    0.2 -999.9 -999.9  330.0
mmarsan 1993  3 15  74     5.1   21.6   12.4    2.2    0.2 -999.9 -999.9  330.0
mmarsan 1993  3 16  75     5.1   21.6   12.4    2.2    0.2 -999.9 -999.9  330.0
mmarsan 1993  3 17  76     5.1   21.6   12.4    2.2    0.2 -999.9 -999.9  330.0
mmarsan 1993  3 18  77     5.1   21.6   12.4    2.2    0.2 -999.9 -999.9  330.0
mmarsan 1993  3 19  78     5.1   21.6   12.4    2.2    0.2 -999.9 -999.9  330.0
mmarsan 1993  3 20  79     5.1   21.6   12.4    2.2    0.2 -999.9 -999.9  330.0
mmarsan 1993  3 21  80     3.5   17.0   12.4    1.9    1.9 -999.9 -999.9  330.0
mmarsan 1993  3 22  81     3.5   17.0   12.4    1.9    1.9 -999.9 -999.9  330.0
mmarsan 1993  3 23  82     3.5   17.0   12.4    1.9    1.9 -999.9 -999.9  330.0
mmarsan 1993  3 24  83     3.5   17.0   12.4    1.9    1.9 -999.9 -999.9  330.0
mmarsan 1993  3 25  84     3.5   17.0   12.4    1.9    1.9 -999.9 -999.9  330.0
mmarsan 1993  3 26  85     3.5   17.0   12.4    1.9    1.9 -999.9 -999.9  330.0
mmarsan 1993  3 27  86     3.5   17.0   12.4    1.9    1.9 -999.9 -999.9  330.0
mmarsan 1993  3 28  87     3.5   17.0   12.4    1.9    1.9 -999.9 -999.9  330.0
mmarsan 1993  3 29  88     3.5   17.0   12.4    1.9    1.9 -999.9 -999.9  330.0
mmarsan 1993  3 30  89     3.5   17.0   12.4    1.9    1.9 -999.9 -999.9  330.0
mmarsan 1993  3 31  90     3.5   17.0   12.4    1.9    1.9 -999.9 -999.9  330.0
mmarsan 1993  4  1  91     7.4   11.3   11.8    2.0    3.8 -999.9 -999.9  330.0
mmarsan 1993  4  2  92     3.7   12.0   11.8    2.0    1.0 -999.9 -999.9  330.0
mmarsan 1993  4  3  93     0.8   14.8   11.8    2.0   12.6 -999.9 -999.9  330.0
mmarsan 1993  4  4  94     8.1   15.2   11.8    2.0    0.6 -999.9 -999.9  330.0
mmarsan 1993  4  5  95     3.2   17.8   11.8    2.0    6.8 -999.9 -999.9  330.0
mmarsan 1993  4  6  96    12.1   14.3   11.8    2.0    6.4 -999.9 -999.9  330.0
mmarsan 1993  4  7  97    11.8   18.3   11.8    2.0    0.0 -999.9 -999.9  330.0
mmarsan 1993  4  8  98     6.5   23.6   11.8    2.0    0.0 -999.9 -999.9  330.0
mmarsan 1993  4  9  99    12.2   18.1   11.8    2.0    0.0 -999.9 -999.9  330.0
mmarsan 1993  4 10 100     5.7   19.0   11.8    2.0    3.8 -999.9 -999.9  330.0
mmarsan 1993  4 11 101     6.1   14.0   14.9    2.3    9.2 -999.9 -999.9  330.0
mmarsan 1993  4 12 102     3.5   14.4   14.9    2.3    7.4 -999.9 -999.9  330.0
mmarsan 1993  4 13 103     2.3   14.6   14.9    2.3    2.6 -999.9 -999.9  330.0
mmarsan 1993  4 14 104     4.0   11.4   14.9    2.3    2.2 -999.9 -999.9  330.0
mmarsan 1993  4 15 105     7.6   13.5   14.9    2.3    1.6 -999.9 -999.9  330.0
mmarsan 1993  4 16 106     4.1   15.8   14.9    2.3    0.0 -999.9 -999.9  330.0
mmarsan 1993  4 17 107     1.8   17.0   14.9    2.3    0.0 -999.9 -999.9  330.0
mmarsan 1993  4 18 108     1.4   18.9   14.9    2.3    0.0 -999.9 -999.9  330.0
mmarsan 1993  4 19 109     3.8   26.2   14.9    2.3    0.0 -999.9 -999.9  330.0
mmarsan 1993  4 20 110     5.9   27.6   14.9    2.3    0.0 -999.9 -999.9  330.0
mmarsan 1993  4 21 111    10.4   21.7   13.5    2.4    4.2 -999.9 -999.9  330.0
mmarsan 1993  4 22 112    11.6   19.0   13.5    2.4    0.4 -999.9 -999.9  330.0
mmarsan 1993  4 23 113     8.5   23.5   13.5    2.4   27.6 -999.9 -999.9  330.0
mmarsan 1993  4 24 114     6.8   16.3   13.5    2.4    0.0 -999.9 -999.9  330.0
mmarsan 1993  4 25 115     6.3   13.0   13.5    2.4   12.6 -999.9 -999.9  330.0
mmarsan 1993  4 26 116     8.1   18.2   13.5    2.4    0.6 -999.9 -999.9  330.0
mmarsan 1993  4 27 117     5.7   15.1   13.5    2.4    2.4 -999.9 -999.9  330.0
mmarsan 1993  4 28 118     9.9   13.4   13.5    2.4    9.2 -999.9 -999.9  330.0
mmarsan 1993  4 29 119     6.7   20.6   13.5    2.4    0.2 -999.9 -999.9  330.0
mmarsan 1993  4 30 120     5.4   18.0   13.5    2.4    5.6 -999.9 -999.9  330.0
mmarsan 1993  5  1 121     9.7   16.6   17.0    2.9    0.0 -999.9 -999.9  330.0
mmarsan 1993  5  2 122    11.5   15.4   17.0    2.9    0.6 -999.9 -999.9  330.0
mmarsan 1993  5  3 123     6.8   20.0   17.0    2.9    0.2 -999.9 -999.9  330.0
mmarsan 1993  5  4 124     5.9   23.5   17.0    2.9    0.0 -999.9 -999.9  330.0
mmarsan 1993  5  5 125     8.4   24.9   17.0    2.9    9.8 -999.9 -999.9  330.0
mmarsan 1993  5  6 126     8.9   24.7   17.0    2.9    0.0 -999.9 -999.9  330.0
mmarsan 1993  5  7 127     7.0   22.2   17.0    2.9    0.0 -999.9 -999.9  330.0
mmarsan 1993  5  8 128     6.6   18.1   17.0    2.9    0.0 -999.9 -999.9  330.0
mmarsan 1993  5  9 129     6.0   23.1   17.0    2.9    1.6 -999.9 -999.9  330.0
mmarsan 1993  5 10 130    12.4   19.3   17.0    2.9   23.4 -999.9 -999.9  330.0
mmarsan 1993  5 11 131    12.6   22.1   13.8    2.8    5.4 -999.9 -999.9  330.0
mmarsan 1993  5 12 132    12.2   22.3   13.8    2.8    4.4 -999.9 -999.9  330.0
mmarsan 1993  5 13 133    11.0   22.5   13.8    2.8    0.0 -999.9 -999.9  330.0
mmarsan 1993  5 14 134     8.5   22.0   13.8    2.8    3.4 -999.9 -999.9  330.0
mmarsan 1993  5 15 135    12.4   19.1   13.8    2.8    0.0 -999.9 -999.9  330.0
mmarsan 1993  5 16 136     7.6   24.8   13.8    2.8    0.0 -999.9 -999.9  330.0
mmarsan 1993  5 17 137    13.1   24.4   13.8    2.8    2.8 -999.9 -999.9  330.0
mmarsan 1993  5 18 138    13.2   19.9   13.8    2.8   13.0 -999.9 -999.9  330.0
mmarsan 1993  5 19 139    11.3   13.1   13.8    2.8   12.2 -999.9 -999.9  330.0
mmarsan 1993  5 20 140     9.7   14.1   13.8    2.8   10.2 -999.9 -999.9  330.0
mmarsan 1993  5 21 141     6.6   20.1   19.1    4.0    0.0 -999.9 -999.9  330.0
mmarsan 1993  5 22 142     9.8   26.4   19.1    4.0    0.0 -999.9 -999.9  330.0
mmarsan 1993  5 23 143    14.9   25.4   19.1    4.0    3.6 -999.9 -999.9  330.0
mmarsan 1993  5 24 144    13.0   21.3   19.1    4.0    3.8 -999.9 -999.9  330.0
mmarsan 1993  5 25 145    16.5   21.0   19.1    4.0    2.4 -999.9 -999.9  330.0
mmarsan 1993  5 26 146    14.2   24.3   19.1    4.0   16.5 -999.9 -999.9  330.0
mmarsan 1993  5 27 147    11.2   23.8   19.1    4.0    3.0 -999.9 -999.9  330.0
mmarsan 1993  5 28 148    12.4   20.7   19.1    4.0    0.8 -999.9 -999.9  330.0
mmarsan 1993  5 29 149     9.8   28.4   19.1    4.0    5.4 -999.9 -999.9  330.0
mmarsan 1993  5 30 150    14.8   22.1   19.1    4.0    0.2 -999.9 -999.9  330.0
mmarsan 1993  5 31 151     7.4   24.0   19.1    4.0    0.0 -999.9 -999.9  330.0
mmarsan 1993  6  1 152    13.4   30.1   18.1    4.1    4.8 -999.9 -999.9  330.0
mmarsan 1993  6  2 153    12.9   19.3   18.1    4.1    0.0 -999.9 -999.9  330.0
mmarsan 1993  6  3 154    12.3   22.7   18.1    4.1    0.0 -999.9 -999.9  330.0
mmarsan 1993  6  4 155    10.2   26.1   18.1    4.1    0.0 -999.9 -999.9  330.0
mmarsan 1993  6  5 156    12.9   27.6   18.1    4.1    0.0 -999.9 -999.9  330.0
mmarsan 1993  6  6 157    15.9   23.5   18.1    4.1    0.2 -999.9 -999.9  330.0
mmarsan 1993  6  7 158    17.2   29.2   18.1    4.1    7.6 -999.9 -999.9  330.0
mmarsan 1993  6  8 159    16.1   29.0   18.1    4.1    3.8 -999.9 -999.9  330.0
mmarsan 1993  6  9 160    15.7   27.9   18.1    4.1    2.2 -999.9 -999.9  330.0
mmarsan 1993  6 10 161    15.8   21.1   18.1    4.1   28.4 -999.9 -999.9  330.0
mmarsan 1993  6 11 162    12.5   18.3   15.2    3.3   10.6 -999.9 -999.9  330.0
mmarsan 1993  6 12 163    11.4   18.4   15.2    3.3    7.6 -999.9 -999.9  330.0
mmarsan 1993  6 13 164    12.1   15.0   15.2    3.3    1.0 -999.9 -999.9  330.0
mmarsan 1993  6 14 165    11.3   19.9   15.2    3.3    0.2 -999.9 -999.9  330.0
mmarsan 1993  6 15 166    14.6   19.7   15.2    3.3    0.6 -999.9 -999.9  330.0
mmarsan 1993  6 16 167     9.7   25.6   15.2    3.3    0.0 -999.9 -999.9  330.0
mmarsan 1993  6 17 168    14.8   23.1   15.2    3.3    0.0 -999.9 -999.9  330.0
mmarsan 1993  6 18 169    10.7   29.8   15.2    3.3    0.0 -999.9 -999.9  330.0
mmarsan 1993  6 19 170    18.0   25.3   15.2    3.3    0.0 -999.9 -999.9  330.0
mmarsan 1993  6 20 171    16.9   28.7   15.2    3.3    2.0 -999.9 -999.9  330.0
mmarsan 1993  6 21 172    17.4   27.9   19.6    4.2   11.8 -999.9 -999.9  330.0
mmarsan 1993  6 22 173    14.2   23.9   19.6    4.2    0.2 -999.9 -999.9  330.0
mmarsan 1993  6 23 174    13.0   21.6   19.6    4.2    6.8 -999.9 -999.9  330.0
mmarsan 1993  6 24 175    15.7   25.1   19.6    4.2    0.0 -999.9 -999.9  330.0
mmarsan 1993  6 25 176    13.1   26.7   19.6    4.2    0.0 -999.9 -999.9  330.0
mmarsan 1993  6 26 177    11.3   27.4   19.6    4.2    0.0 -999.9 -999.9  330.0
mmarsan 1993  6 27 178    11.5   29.9   19.6    4.2    0.0 -999.9 -999.9  330.0
mmarsan 1993  6 28 179    13.6   32.3   19.6    4.2    2.2 -999.9 -999.9  330.0
mmarsan 1993  6 29 180    17.1   21.4   19.6    4.2    6.6 -999.9 -999.9  330.0
mmarsan 1993  6 30 181    16.2   19.9   19.6    4.2   10.8 -999.9 -999.9  330.0
mmarsan 1993  7  1 182    14.9   20.8   18.7    4.0   42.0 -999.9 -999.9  330.0
mmarsan 1993  7  2 183    15.4   20.4   18.7    4.0    0.2 -999.9 -999.9  330.0
mmarsan 1993  7  3 184    16.8   25.6   18.7    4.0    0.0 -999.9 -999.9  330.0
mmarsan 1993  7  4 185    16.7   28.3   18.7    4.0    0.0 -999.9 -999.9  330.0
mmarsan 1993  7  5 186    19.2   23.5   18.7    4.0    9.8 -999.9 -999.9  330.0
mmarsan 1993  7  6 187    15.5   22.7   18.7    4.0    0.0 -999.9 -999.9  330.0
mmarsan 1993  7  7 188     8.8   25.1   18.7    4.0    0.0 -999.9 -999.9  330.0
mmarsan 1993  7  8 189     9.9   27.3   18.7    4.0    0.0 -999.9 -999.9  330.0
mmarsan 1993  7  9 190    13.4   29.8   18.7    4.0    8.8 -999.9 -999.9  330.0
mmarsan 1993  7 10 191    13.2   19.0   18.7    4.0    7.6 -999.9 -999.9  330.0
mmarsan 1993  7 11 192     9.3   19.3   19.7    4.1    2.8 -999.9 -999.9  330.0
mmarsan 1993  7 12 193    12.3   22.0   19.7    4.1    0.0 -999.9 -999.9  330.0
mmarsan 1993  7 13 194     7.2   23.2   19.7    4.1    0.0 -999.9 -999.9  330.0
mmarsan 1993  7 14 195    10.5   29.0   19.7    4.1    0.0 -999.9 -999.9  330.0
mmarsan 1993  7 15 196    14.3   31.6   19.7    4.1    0.0 -999.9 -999.9  330.0
mmarsan 1993  7 16 197    17.7   29.9   19.7    4.1    0.0 -999.9 -999.9  330.0
mmarsan 1993  7 17 198    19.2   24.4   19.7    4.1    0.0 -999.9 -999.9  330.0
mmarsan 1993  7 18 199    17.8   23.2   19.7    4.1    2.6 -999.9 -999.9  330.0
mmarsan 1993  7 19 200    16.0   22.0   19.7    4.1    3.2 -999.9 -999.9  330.0
mmarsan 1993  7 20 201    14.3   21.5   19.7    4.1    1.2 -999.9 -999.9  330.0
mmarsan 1993  7 21 202    11.9   22.9   18.9    4.0    0.0 -999.9 -999.9  330.0
mmarsan 1993  7 22 203    11.2   21.4   18.9    4.0    0.0 -999.9 -999.9  330.0
mmarsan 1993  7 23 204    15.7   25.0   18.9    4.0    0.0 -999.9 -999.9  330.0
mmarsan 1993  7 24 205    13.1   32.2   18.9    4.0    1.8 -999.9 -999.9  330.0
mmarsan 1993  7 25 206    17.3   21.9   18.9    4.0    0.0 -999.9 -999.9  330.0
mmarsan 1993  7 26 207     9.9   23.4   18.9    4.0    0.0 -999.9 -999.9  330.0
mmarsan 1993  7 27 208     8.5   27.2   18.9    4.0    0.0 -999.9 -999.9  330.0
mmarsan 1993  7 28 209    12.3   31.9   18.9    4.0    0.0 -999.9 -999.9  330.0
mmarsan 1993  7 29 210    14.9   33.0   18.9    4.0    3.2 -999.9 -999.9  330.0
mmarsan 1993  7 30 211    18.0   24.2   18.9    4.0    1.2 -999.9 -999.9  330.0
mmarsan 1993  7 31 212    10.9   24.9   18.9    4.0    0.0 -999.9 -999.9  330.0
mmarsan 1993  8  1 213     9.2   26.1   18.8    4.2    0.0 -999.9 -999.9  330.0
mmarsan 1993  8  2 214    14.5   28.1   18.8    4.2    0.0 -999.9 -999.9  330.0
mmarsan 1993  8  3 215    16.3   25.4   18.8    4.2    0.0 -999.9 -999.9  330.0
mmarsan 1993  8  4 216    17.9   29.6   18.8    4.2    0.0 -999.9 -999.9  330.0
mmarsan 1993  8  5 217    16.8   29.0   18.8    4.2    0.0 -999.9 -999.9  330.0
mmarsan 1993  8  6 218    17.9   29.2   18.8    4.2    0.0 -999.9 -999.9  330.0
mmarsan 1993  8  7 219    17.3   29.4   18.8    4.2    0.0 -999.9 -999.9  330.0
mmarsan 1993  8  8 220    19.5   26.6   18.8    4.2    0.0 -999.9 -999.9  330.0
mmarsan 1993  8  9 221    14.1   24.7   18.8    4.2    0.0 -999.9 -999.9  330.0
mmarsan 1993  8 10 222    13.9   22.1   18.8    4.2    2.0 -999.9 -999.9  330.0
mmarsan 1993  8 11 223    17.2   24.0   20.4    4.5    0.0 -999.9 -999.9  330.0
mmarsan 1993  8 12 224    11.5   26.3   20.4    4.5    0.0 -999.9 -999.9  330.0
mmarsan 1993  8 13 225    15.6   30.0   20.4    4.5    0.0 -999.9 -999.9  330.0
mmarsan 1993  8 14 226    18.4   29.0   20.4    4.5    7.2 -999.9 -999.9  330.0
mmarsan 1993  8 15 227    17.3   24.9   20.4    4.5    0.0 -999.9 -999.9  330.0
mmarsan 1993  8 16 228    13.7   31.5   20.4    4.5    0.0 -999.9 -999.9  330.0
mmarsan 1993  8 17 229    15.2   32.5   20.4    4.5    0.0 -999.9 -999.9  330.0
mmarsan 1993  8 18 230    14.4   35.2   20.4    4.5    0.0 -999.9 -999.9  330.0
mmarsan 1993  8 19 231    15.7   34.3   20.4    4.5    0.0 -999.9 -999.9  330.0
mmarsan 1993  8 20 232    13.1   33.8   20.4    4.5    0.0 -999.9 -999.9  330.0
mmarsan 1993  8 21 233    14.5   33.2   15.0    3.1    0.0 -999.9 -999.9  330.0
mmarsan 1993  8 22 234    18.9   29.9   15.0    3.1    0.0 -999.9 -999.9  330.0
mmarsan 1993  8 23 235    19.5   23.7   15.0    3.1   18.4 -999.9 -999.9  330.0
mmarsan 1993  8 24 236    13.2   21.0   15.0    3.1    4.4 -999.9 -999.9  330.0
mmarsan 1993  8 25 237    13.7   22.6   15.0    3.1    0.0 -999.9 -999.9  330.0
mmarsan 1993  8 26 238    15.5   24.2   15.0    3.1   14.8 -999.9 -999.9  330.0
mmarsan 1993  8 27 239    13.0   17.5   15.0    3.1    3.8 -999.9 -999.9  330.0
mmarsan 1993  8 28 240    10.9   20.2   15.0    3.1    0.0 -999.9 -999.9  330.0
mmarsan 1993  8 29 241     7.4   23.3   15.0    3.1    0.0 -999.9 -999.9  330.0
mmarsan 1993  8 30 242     5.4   25.6   15.0    3.1    0.0 -999.9 -999.9  330.0
mmarsan 1993  8 31 243     6.8   26.9   15.0    3.1    0.0 -999.9 -999.9  330.0
mmarsan 1993  9  1 244    10.2   25.8   16.9    3.2    0.0 -999.9 -999.9  330.0
mmarsan 1993  9  2 245     7.4   26.9   16.9    3.2    0.0 -999.9 -999.9  330.0
mmarsan 1993  9  3 246     8.1   29.0   16.9    3.2    0.0 -999.9 -999.9  330.0
mmarsan 1993  9  4 247    10.3   25.4   16.9    3.2    0.0 -999.9 -999.9  330.0
mmarsan 1993  9  5 248     7.6   23.7   16.9    3.2    0.0 -999.9 -999.9  330.0
mmarsan 1993  9  6 249     9.2   20.7   16.9    3.2    1.4 -999.9 -999.9  330.0
mmarsan 1993  9  7 250    13.9   25.5   16.9    3.2    2.2 -999.9 -999.9  330.0
mmarsan 1993  9  8 251    14.5   27.5   16.9    3.2    2.4 -999.9 -999.9  330.0
mmarsan 1993  9  9 252    15.4   24.7   16.9    3.2    2.6 -999.9 -999.9  330.0
mmarsan 1993  9 10 253    14.6   21.1   16.9    3.2    4.0 -999.9 -999.9  330.0
mmarsan 1993  9 11 254    14.4   22.1   11.9    2.7    0.4 -999.9 -999.9  330.0
mmarsan 1993  9 12 255    11.6   29.1   11.9    2.7    0.0 -999.9 -999.9  330.0
mmarsan 1993  9 13 256    12.4   18.5   11.9    2.7    3.2 -999.9 -999.9  330.0
mmarsan 1993  9 14 257    13.0   20.6   11.9    2.7    0.0 -999.9 -999.9  330.0
mmarsan 1993  9 15 258     9.7   25.1   11.9    2.7    0.0 -999.9 -999.9  330.0
mmarsan 1993  9 16 259    14.2   21.0   11.9    2.7    1.6 -999.9 -999.9  330.0
mmarsan 1993  9 17 260    13.6   18.0   11.9    2.7    4.6 -999.9 -999.9  330.0
mmarsan 1993  9 18 261    14.5   24.1   11.9    2.7    0.0 -999.9 -999.9  330.0
mmarsan 1993  9 19 262    15.3   23.8   11.9    2.7    0.0 -999.9 -999.9  330.0
mmarsan 1993  9 20 263    13.3   29.5   11.9    2.7   13.4 -999.9 -999.9  330.0
mmarsan 1993  9 21 264    15.5   18.1    7.4    1.5   10.8 -999.9 -999.9  330.0
mmarsan 1993  9 22 265    13.6   16.2    7.4    1.5   36.9 -999.9 -999.9  330.0
mmarsan 1993  9 23 266    12.5   15.7    7.4    1.5    4.4 -999.9 -999.9  330.0
mmarsan 1993  9 24 267    12.5   16.9    7.4    1.5    2.0 -999.9 -999.9  330.0
mmarsan 1993  9 25 268     9.8   16.2    7.4    1.5   13.0 -999.9 -999.9  330.0
mmarsan 1993  9 26 269    10.0   16.4    7.4    1.5    6.4 -999.9 -999.9  330.0
mmarsan 1993  9 27 270    10.0   16.6    7.4    1.5    0.2 -999.9 -999.9  330.0
mmarsan 1993  9 28 271     4.7   16.4    7.4    1.5    0.8 -999.9 -999.9  330.0
mmarsan 1993  9 29 272     5.1   21.7    7.4    1.5    2.8 -999.9 -999.9  330.0
mmarsan 1993  9 30 273    11.0   19.0    7.4    1.5    1.4 -999.9 -999.9  330.0
mmarsan 1993 10  1 274     9.8   19.1    6.6    1.6    7.1 -999.9 -999.9  330.0
mmarsan 1993 10  2 275     9.8   19.1    6.6    1.6    7.1 -999.9 -999.9  330.0
mmarsan 1993 10  3 276     9.8   19.1    6.6    1.6    7.1 -999.9 -999.9  330.0
mmarsan 1993 10  4 277     9.8   19.1    6.6    1.6    7.1 -999.9 -999.9  330.0
mmarsan 1993 10  5 278     9.8   19.1    6.6    1.6    7.1 -999.9 -999.9  330.0
mmarsan 1993 10  6 279     9.8   19.1    6.6    1.6    7.1 -999.9 -999.9  330.0
mmarsan 1993 10  7 280     9.8   19.1    6.6    1.6    7.1 -999.9 -999.9  330.0
mmarsan 1993 10  8 281     9.8   19.1    6.6    1.6    7.1 -999.9 -999.9  330.0
mmarsan 1993 10  9 282     9.8   19.1    6.6    1.6    7.1 -999.9 -999.9  330.0
mmarsan 1993 10 10 283     9.8   19.1    6.6    1.6    7.1 -999.9 -999.9  330.0
mmarsan 1993 10 11 284     9.7   18.0    6.6    1.3    2.5 -999.9 -999.9  330.0
mmarsan 1993 10 12 285     9.7   18.0    6.6    1.3    2.5 -999.9 -999.9  330.0
mmarsan 1993 10 13 286     9.7   18.0    6.6    1.3    2.5 -999.9 -999.9  330.0
mmarsan 1993 10 14 287     9.7   18.0    6.6    1.3    2.5 -999.9 -999.9  330.0
mmarsan 1993 10 15 288     9.7   18.0    6.6    1.3    2.5 -999.9 -999.9  330.0
mmarsan 1993 10 16 289     9.7   18.0    6.6    1.3    2.5 -999.9 -999.9  330.0
mmarsan 1993 10 17 290     9.7   18.0    6.6    1.3    2.5 -999.9 -999.9  330.0
mmarsan 1993 10 18 291     9.7   18.0    6.6    1.3    2.5 -999.9 -999.9  330.0
mmarsan 1993 10 19 292     9.7   18.0    6.6    1.3    2.5 -999.9 -999.9  330.0
mmarsan 1993 10 20 293     9.7   18.0    6.6    1.3    2.5 -999.9 -999.9  330.0
mmarsan 1993 10 21 294     4.5   13.2    6.6    0.7    0.9 -999.9 -999.9  330.0
mmarsan 1993 10 22 295     4.5   13.2    6.6    0.7    0.9 -999.9 -999.9  330.0
mmarsan 1993 10 23 296     4.5   13.2    6.6    0.7    0.9 -999.9 -999.9  330.0
mmarsan 1993 10 24 297     4.5   13.2    6.6    0.7    0.9 -999.9 -999.9  330.0
mmarsan 1993 10 25 298     4.5   13.2    6.6    0.7    0.9 -999.9 -999.9  330.0
mmarsan 1993 10 26 299     4.5   13.2    6.6    0.7    0.9 -999.9 -999.9  330.0
mmarsan 1993 10 27 300     4.5   13.2    6.6    0.7    0.9 -999.9 -999.9  330.0
mmarsan 1993 10 28 301     4.5   13.2    6.6    0.7    0.9 -999.9 -999.9  330.0
mmarsan 1993 10 29 302     4.5   13.2    6.6    0.7    0.9 -999.9 -999.9  330.0
mmarsan 1993 10 30 303     4.5   13.2    6.6    0.7    0.9 -999.9 -999.9  330.0
mmarsan 1993 10 31 304     4.5   13.2    6.6    0.7    0.9 -999.9 -999.9  330.0
mmarsan 1993 11  1 305     8.4   16.3    4.9    0.7    1.8 -999.9 -999.9  330.0
mmarsan 1993 11  2 306     8.4   16.3    4.9    0.7    1.8 -999.9 -999.9  330.0
mmarsan 1993 11  3 307     8.4   16.3    4.9    0.7    1.8 -999.9 -999.9  330.0
mmarsan 1993 11  4 308     8.4   16.3    4.9    0.7    1.8 -999.9 -999.9  330.0
mmarsan 1993 11  5 309     8.4   16.3    4.9    0.7    1.8 -999.9 -999.9  330.0
mmarsan 1993 11  6 310     8.4   16.3    4.9    0.7    1.8 -999.9 -999.9  330.0
mmarsan 1993 11  7 311     8.4   16.3    4.9    0.7    1.8 -999.9 -999.9  330.0
mmarsan 1993 11  8 312     8.4   16.3    4.9    0.7    1.8 -999.9 -999.9  330.0
mmarsan 1993 11  9 313     8.4   16.3    4.9    0.7    1.8 -999.9 -999.9  330.0
mmarsan 1993 11 10 314     8.4   16.3    4.9    0.7    1.8 -999.9 -999.9  330.0
mmarsan 1993 11 11 315     0.9   11.7    4.9    0.4    0.2 -999.9 -999.9  330.0
mmarsan 1993 11 12 316     0.9   11.7    4.9    0.4    0.2 -999.9 -999.9  330.0
mmarsan 1993 11 13 317     0.9   11.7    4.9    0.4    0.2 -999.9 -999.9  330.0
mmarsan 1993 11 14 318     0.9   11.7    4.9    0.4    0.2 -999.9 -999.9  330.0
mmarsan 1993 11 15 319     0.9   11.7    4.9    0.4    0.2 -999.9 -999.9  330.0
mmarsan 1993 11 16 320     0.9   11.7    4.9    0.4    0.2 -999.9 -999.9  330.0
mmarsan 1993 11 17 321     0.9   11.7    4.9    0.4    0.2 -999.9 -999.9  330.0
mmarsan 1993 11 18 322     0.9   11.7    4.9    0.4    0.2 -999.9 -999.9  330.0
mmarsan 1993 11 19 323     0.9   11.7    4.9    0.4    0.2 -999.9 -999.9  330.0
mmarsan 1993 11 20 324     0.9   11.7    4.9    0.4    0.2 -999.9 -999.9  330.0
mmarsan 1993 11 21 325     0.0    8.4    4.9    0.3    1.6 -999.9 -999.9  330.0
mmarsan 1993 11 22 326     0.0    8.4    4.9    0.3    1.6 -999.9 -999.9  330.0
mmarsan 1993 11 23 327     0.0    8.4    4.9    0.3    1.6 -999.9 -999.9  330.0
mmarsan 1993 11 24 328     0.0    8.4    4.9    0.3    1.6 -999.9 -999.9  330.0
mmarsan 1993 11 25 329     0.0    8.4    4.9    0.3    1.6 -999.9 -999.9  330.0
mmarsan 1993 11 26 330     0.0    8.4    4.9    0.3    1.6 -999.9 -999.9  330.0
mmarsan 1993 11 27 331     0.0    8.4    4.9    0.3    1.6 -999.9 -999.9  330.0
mmarsan 1993 11 28 332     0.0    8.4    4.9    0.3    1.6 -999.9 -999.9  330.0
mmarsan 1993 11 29 333     0.0    8.4    4.9    0.3    1.6 -999.9 -999.9  330.0
mmarsan 1993 11 30 334     0.0    8.4    4.9    0.3    1.6 -999.9 -999.9  330.0
mmarsan 1993 12  1 335     6.3   12.8    0.3    0.4    2.4 -999.9 -999.9  330.0
mmarsan 1993 12  2 336     6.3   12.8    0.3    0.4    2.4 -999.9 -999.9  330.0
mmarsan 1993 12  3 337     6.3   12.8    0.3    0.4    2.4 -999.9 -999.9  330.0
mmarsan 1993 12  4 338     6.3   12.8    0.3    0.4    2.4 -999.9 -999.9  330.0
mmarsan 1993 12  5 339     6.3   12.8    0.3    0.4    2.4 -999.9 -999.9  330.0
mmarsan 1993 12  6 340     6.3   12.8    0.3    0.4    2.4 -999.9 -999.9  330.0
mmarsan 1993 12  7 341     6.3   12.8    0.3    0.4    2.4 -999.9 -999.9  330.0
mmarsan 1993 12  8 342     6.3   12.8    0.3    0.4    2.4 -999.9 -999.9  330.0
mmarsan 1993 12  9 343     6.3   12.8    0.3    0.4    2.4 -999.9 -999.9  330.0
mmarsan 1993 12 10 344     6.3   12.8    0.3    0.4    2.4 -999.9 -999.9  330.0
mmarsan 1993 12 11 345     5.8   14.2    0.3    0.4    4.6 -999.9 -999.9  330.0
mmarsan 1993 12 12 346     5.8   14.2    0.3    0.4    4.6 -999.9 -999.9  330.0
mmarsan 1993 12 13 347     5.8   14.2    0.3    0.4    4.6 -999.9 -999.9  330.0
mmarsan 1993 12 14 348     5.8   14.2    0.3    0.4    4.6 -999.9 -999.9  330.0
mmarsan 1993 12 15 349     5.8   14.2    0.3    0.4    4.6 -999.9 -999.9  330.0
mmarsan 1993 12 16 350     5.8   14.2    0.3    0.4    4.6 -999.9 -999.9  330.0
mmarsan 1993 12 17 351     5.8   14.2    0.3    0.4    4.6 -999.9 -999.9  330.0
mmarsan 1993 12 18 352     5.8   14.2    0.3    0.4    4.6 -999.9 -999.9  330.0
mmarsan 1993 12 19 353     5.8   14.2    0.3    0.4    4.6 -999.9 -999.9  330.0
mmarsan 1993 12 20 354     5.8   14.2    0.3    0.4    4.6 -999.9 -999.9  330.0
mmarsan 1993 12 21 355     4.1   11.5    0.3    0.4   10.1 -999.9 -999.9  330.0
mmarsan 1993 12 22 356     4.1   11.5    0.3    0.4   10.1 -999.9 -999.9  330.0
mmarsan 1993 12 23 357     4.1   11.5    0.3    0.4   10.1 -999.9 -999.9  330.0
mmarsan 1993 12 24 358     4.1   11.5    0.3    0.4   10.1 -999.9 -999.9  330.0
mmarsan 1993 12 25 359     4.1   11.5    0.3    0.4   10.1 -999.9 -999.9  330.0
mmarsan 1993 12 26 360     4.1   11.5    0.3    0.4   10.1 -999.9 -999.9  330.0
mmarsan 1993 12 27 361     4.1   11.5    0.3    0.4   10.1 -999.9 -999.9  330.0
mmarsan 1993 12 28 362     4.1   11.5    0.3    0.4   10.1 -999.9 -999.9  330.0
mmarsan 1993 12 29 363     4.1   11.5    0.3    0.4   10.1 -999.9 -999.9  330.0
mmarsan 1993 12 30 364     4.1   11.5    0.3    0.4   10.1 -999.9 -999.9  330.0
mmarsan 1993 12 31 365     4.1   11.5    0.3    0.4   10.1 -999.9 -999.9  330.0
